2
32
8004.61
-0.0452937 -0.0604808 0.259629 140046 -362.073 -150.808 5.74601 -5.3063 -11.1784 -53.2446 -2.0661 -18.933 -428.305 1482.47 -67.1643 376.189 -19.0464 69.8381 177.968 -10039.6 9.99422e+06 -239899 7.59109e+06 2481.92 -1515.97 449.476 694.645 -2543.73 50077.4 -1.18087 15538 -578.576 
-2.92069e-09 
5.3639e-08 -4.84005e-07 
6.78115e-08 2.20583e-06 -6.06892e-07 
0.0580182 10.113 -1.71078 214091 
0.000221154 -0.00677607 -0.000732066 -3327.92 6.8277 
3.64483e-06 0.00052051 8.61965e-05 -1490.1 4.31663 0.035681 
-2.5049e-05 -0.000603996 0.000233649 495.086 -0.816703 -0.0474301 0.00790035 
-2.30857e-05 -0.000724011 0.000285838 -39.3719 -0.333428 -0.282391 0.110093 -0.00959845 
0.00010071 0.0156327 -0.00233376 805.245 -0.639504 -0.590113 0.177236 0.220058 0.067925 
0.000424065 0.0359892 -0.00796817 -523.119 0.109225 1.64493 -0.212444 -0.14062 -1.15394 -2.31105 
-6.7865e-05 -0.00201601 0.000847418 57.1767 0.120358 -0.278593 0.0204823 -0.0641722 0.572169 0.627822 -0.0778965 
0.000155668 0.0150001 -0.00322123 5964.94 -4.75901 0.23088 -0.394189 -0.242706 3.02953 -1.66302 0.250672 -0.245871 
-0.000785074 -0.112988 0.0184105 -8191.91 4.48406 4.15687 0.600388 0.309787 -5.94224 2.35322 -3.21032 -14.4544 39.0085 
0.000107263 0.00208338 -0.000699297 3140.08 -17.5955 -7.36797 -0.010423 0.00102214 6.84169 8.12654 -1.367 3.54077 -37.3159 0.681588 
5.94963e-05 0.00473112 -0.00105386 975.501 0.403949 1.04391 -0.0121656 0.0321808 -0.0391391 -0.531005 0.688148 0.279785 -4.59038 2.78823 -0.337926 
0.000427798 0.0128711 -0.00458961 3661.04 4.11643 -4.35798 -1.8921 -0.15497 0.0427026 7.92509 -0.0927814 4.64234 -18.1527 0.193225 1.0171 -0.850229 
-0.00014876 -0.0028338 0.00140672 88.6434 -0.946922 -0.327689 0.0761909 0.0255642 -0.303527 0.175147 -0.100799 -0.64356 2.02414 3.16393 0.0173645 -2.71873 0.242499 
-4.40055e-05 0.000603404 0.000210949 1017.95 -3.28342 -0.689823 -0.0236511 0.12794 0.0706839 0.0326547 0.0355802 -0.285127 0.3007 4.19181 -0.305555 -1.75083 0.230426 0.222443 
-7.32942e-05 -0.00113996 0.000647281 1291 -4.56968 -1.47426 0.187948 -0.026151 -0.0379823 0.269832 -0.0501928 -0.0943726 -2.20507 7.95662 -0.729962 1.71934 0.0983439 1.34772 0.712791 
-0.0322036 -0.964816 0.329997 -1.86266e+06 418.921 -52.0749 -14.3657 35.4897 323.993 416.697 37.398 -684.29 -2759.22 468.092 26.8896 660.064 -303.466 -126.134 -438.922 -1816.02 
32.5835 967.862 -332.185 -5.35016e+08 1.97564e+06 53472.6 14412.6 -36436.4 -323273 -419541 -38175.7 684746 2.74511e+06 -442346 -28387.9 -640251 307711 125921 440930 3.96692e+06 -2.15144e+09 
0.472429 21.006 -6.01216 2.2043e+07 5838.46 -210.557 106.672 -313.897 -2455.02 -3935.12 -337.365 7980.24 13821.8 -661.187 -621.79 -1791.09 1334.91 1145.76 3076.66 130833 -1.69393e+08 -989449 
-15.0468 -665.151 190.799 -1.75247e+08 -705026 5968.7 -3299.03 10347.6 78047.1 124515 10871.2 -253062 -431864 14676.8 19754.3 50035.8 -44413 -35446.6 -98306.6 -3.72375e+06 4.94373e+09 6.36514e+07 -1.02353e+09 
-0.00379891 -0.0763101 0.0534345 -4813.99 -107.353 152.206 -26.5199 -1.45128 -38.0516 119.619 -0.151438 68.7276 -172.561 -66.7257 56.6164 107.625 169.141 -55.1175 14.862 27110.4 -2.70858e+07 -76464.6 2.41497e+06 432.112 
0.00230968 0.0156971 -0.0171493 -12817.8 77.5769 -19.1498 1.12605 -2.88364 9.04481 -52.384 -3.47364 -34.1334 259.884 -227.781 10.3862 165.873 -49.8639 3.47313 -22.3942 844.468 -839745 -14300.5 448921 255.709 7.55668 
-0.00172598 -0.0114799 0.00676706 116215 -145.576 -8.39131 0.738466 -0.500085 -28.7167 16.5347 -1.40223 19.9751 8.74401 261.743 -16.7951 -2.50664 21.7702 -10.225 19.1236 1698.92 -1.69792e+06 -47252.7 1.49245e+06 314.09 -6.96144 -59.6377 
0.00377218 0.0341376 -0.0235546 -126263 137.797 31.9221 -3.37776 8.77637 43.8279 59.4873 3.23534 3.7709 -132.596 -275.513 52.8998 -182.718 5.02017 2.06911 -22.5498 -4420.25 4.40146e+06 137828 -4.34412e+06 -1864.8 -31.5196 173.987 -106.8 
0.00868528 0.0204961 -0.0273373 -156121 219.286 -33.4748 -4.2971 -30.0484 89.4978 7.8544 -16.6969 33.0161 -170.655 -519.518 34.68 92.2564 -29.0662 -1.33939 -12.9664 10428.4 -1.03962e+07 -247667 7.81504e+06 2727.14 -31.2998 139.321 -1.29467 -120.859 
0.0203301 -0.216304 -0.00509666 -179519 93.7432 287.612 37.8794 -41.491 -60.6483 -851.913 101.537 347.095 -837.067 -595.101 -367.58 473.146 238.969 28.7854 -165.424 10190.8 -9.99213e+06 -134521 4.15427e+06 7692.09 1292.96 -760.925 -630.208 1051.42 9247.59 
2.27856e-08 4.57561e-05 -2.73185e-05 2.92954 -0.00275843 -0.00225979 -0.000151542 9.72952e-05 -0.00175277 -0.00139545 -0.000113949 0.374905 0.435579 -0.110084 -0.0207407 0.000257781 -0.00382416 0.00325807 0.000415733 1.97615 -1984.51 -33.1035 1049.8 -0.143408 -0.0057472 0.000646688 0.00399319 -0.00705484 -0.0499191 2.65979e-08 
0.0370746 0.19973 -0.245831 180231 -308.89 -188.787 -41.1192 196.565 48.1309 1240.03 -118.954 86.0859 2684.74 -1702.88 55.8742 -3747.79 -207.491 -32.3758 264.399 4201.36 -4.36408e+06 -20453.6 726262 -5074.22 -71.7381 481.144 -286.739 3873.61 -24584.7 -54037.6 -16613.1 
0.0413523 0.323096 -0.618151 -358758 872.329 -175.853 -27.8929 -88.4617 -1407.06 -125.061 -36.7996 -432.629 5168.2 2032.88 264.652 2418.57 -98.8428 -265.945 -71.4406 3500.1 -3.59922e+06 401027 -1.26411e+07 -3539.61 1785.4 -466.369 -1920.55 3511.11 16468.6 -0.0621697 -8867.61 -21640.4 
