2
32
30018.2
-0.456649 -5.95013 3.73255 -831181 1183.8 680.961 5.96986 235.272 -3143.91 849.338 241.969 960.797 10792.7 1394.46 -531.55 -2007.16 -199.939 379.966 -761.988 -81771.9 8.06559e+07 -239674 8.22174e+06 -41986 -17582.8 3727.58 11542 11611.6 -1.74654e+06 -2.09453 286960 278431 
-1.50924e-08 
1.55145e-06 3.10094e-05 
3.87631e-07 -7.89268e-06 -3.3975e-06 
-0.312187 -54.0317 8.30659 2.21624e+06 
0.000263981 -0.0270737 0.00216168 -6067.67 18.1031 
-0.000183702 0.0130669 0.00129492 3071.99 -2.12704 -4.97897 
-7.58826e-05 0.00197295 -4.83455e-05 447.875 -4.06054 1.94803 -0.00334851 
-0.000165978 -0.00311083 0.00199893 -190.64 0.331239 -0.272584 0.262782 -0.0803059 
-8.64442e-05 -0.00422411 0.0012352 1167.43 11.4585 -6.15669 -0.0127101 -1.32992 -0.106056 
0.000254136 0.0172735 -0.00497968 -5360.81 3.58658 3.40888 -0.413966 0.303307 -3.61134 1.10855 
0.000111671 -0.00159123 -0.000896264 544.914 -0.164483 0.306843 -0.227646 0.10324 1.37842 -0.540375 0.0887521 
0.000826982 0.00827559 -0.00877061 -14294 10.413 4.15997 0.527311 -0.324238 -16.2236 -2.83214 -0.204456 -1.01873 
-0.0036156 -0.184728 0.0530142 -3385.75 -48.7548 15.5196 2.77792 5.34723 1.81165 18.5673 -4.42066 68.3326 -18.7153 
0.00583376 0.348324 -0.0930796 2526.27 -17.0287 11.085 -2.25839 1.89164 14.7106 -5.56961 -3.65844 3.82328 -54.9555 -10.1087 
-0.000345652 -0.0275086 0.00690629 -1098.61 9.42427 -2.61081 0.490474 -0.860476 -1.69487 -0.908701 1.51577 -1.92114 10.7789 -4.42828 -0.354887 
0.00306584 0.198217 -0.0498992 2299.36 -10.0514 0.441087 -0.452314 1.24504 -1.68516 -5.00994 -1.03554 3.1212 8.00779 -4.75398 -3.23581 -3.51442 
0.000739994 0.0440083 -0.0111959 3799.24 -19.2291 -6.16816 2.59843 -0.243783 -3.72643 2.00685 -0.182101 4.85124 9.26572 4.18952 -3.03342 1.00093 2.99615 
-0.000263345 0.00779412 0.00156479 -1415.76 -4.03617 3.32229 -0.394518 0.26812 -1.62596 -0.651649 -0.40327 0.420089 12.0287 5.15141 -2.1561 3.92955 3.72925 -0.896994 
-8.14969e-05 0.0231237 -0.00257422 -21.6291 -6.16958 0.612876 1.25834 -0.688061 -6.87465 -1.04339 0.242472 -1.82301 24.6648 12.2458 -4.23518 7.18513 5.44975 2.68509 -0.454708 
0.0498831 -0.215432 -0.453358 -2.28272e+06 -1542.97 1587.74 -157.489 71.2943 2336.02 -1041.74 -47.1183 2147.82 -5960.91 -1174.26 694.658 -255.66 746.363 -295.211 -346.549 -46892.5 
-45.9981 285.756 405.909 -1.192e+09 5.01491e+06 -1.53465e+06 157182 -67677.9 -2.2834e+06 933680 44858.2 -2.16157e+06 5.77995e+06 1.11536e+06 -687180 329926 -732056 287147 350574 9.64476e+07 -4.95604e+10 
0.279365 23.1758 -5.4401 2.56171e+07 14210.5 -3142.41 666.531 30.36 -10744.1 1162.57 189.191 -15412.2 19676.4 -2253.46 -2829.67 2376.49 -1843.15 699.8 2125.38 864729 -8.58159e+08 -2.98095e+06 
-11.1677 -773.203 201.105 -2.19382e+08 -1.02953e+06 65475.8 -21588.2 -3632.2 316825 570.408 -4323.41 492664 -577484 106502 90570.1 -84402.8 46751.8 -18886 -66859.5 -2.9449e+07 2.92446e+10 2.0404e+08 -3.47203e+09 
0.183856 2.81318 -2.22921 -798732 -122.958 1637.64 88.5087 153.636 1146.85 -1766.51 -106.288 -409.243 -888.67 -1481.57 -326.623 -242.231 625.547 -45.39 -85.9156 51670.5 -5.1791e+07 -1.00818e+06 3.17528e+07 53515.1 
0.0182802 0.242951 -0.166506 248036 -198.842 109.05 12.9507 -14.9164 167.15 17.7505 -58.0309 -194.731 1112.78 -658.769 -85.7795 869.31 134.327 -184.348 -25.531 -6314.87 6.22075e+06 -60225.5 2.01959e+06 -16394.8 294.659 
0.00571858 0.257931 -0.106795 544267 -591.853 255.965 -24.3773 12.3134 -15.0064 -579.009 115.974 -252.505 -11.5812 -801.991 220.669 477.798 123.699 -41.9355 -36.5737 -11936.6 1.18268e+07 341897 -1.07587e+07 -6330.29 -934.318 -235.826 
-0.0465982 -0.643946 0.423703 -611498 652.911 -385.241 15.3728 -19.527 -414.824 680.177 -152.847 357.644 503.453 914.089 -113.882 -934.194 -304.945 238.559 67.7277 21059.6 -2.08316e+07 -97822 2.92177e+06 17848.3 565.905 596.46 -752.085 
-0.0206567 -0.644464 0.265582 -1.47479e+06 2281.64 -266.084 73.2943 199.342 -453.283 1271.92 -64.785 -187.265 3833.3 2718.92 -934.231 -2482.58 -283.591 -324.758 -319.609 134230 -1.34606e+08 -2.73638e+06 8.66002e+07 9451.95 3806.93 1532.43 -3231.95 4088.13 
1.1006 9.8953 -7.26332 1.86045e+06 -4023.1 53.0885 110.402 -647.778 12346.4 -5194.32 184.625 -3897.23 -46319.1 2004.62 337.377 5761.2 2434.8 -1432.98 1761.62 -117146 1.20925e+08 1.18711e+06 -3.87428e+07 51109.8 19697.7 -7270.42 10389.7 -70201.8 278937 
-3.87992e-05 -0.000247164 0.000196315 2.81923 -0.00798267 0.0153719 -0.00334814 0.00346652 0.00862426 -0.00395249 -0.00394519 -7.32732 0.759614 0.668303 -0.0543828 0.107013 -0.0124242 0.0158727 -0.000451894 60.0457 -60361.5 -975.386 30971.3 -9.09194 0.0122521 0.010959 -0.0621345 0.106213 0.274755 -1.01217e-07 
-0.836224 -6.51078 5.31172 -2.28077e+06 6372.49 -1473.41 -322.082 890.988 -7945.21 7083.75 -424.066 3594.34 31780.6 -8112.14 1612.74 -9193.61 -4485 1857.43 -2669.28 581191 -5.82726e+08 -5.01527e+06 1.58114e+08 170080 -7289.3 18561.9 -22919.1 -49779.7 -431665 1.433e+06 467628 
0.49892 6.89596 -5.94253 -510576 487.126 -1491.07 30.4777 -445.551 -5319.34 510.39 -0.673821 2131.55 20731.1 671.056 -1208.46 -1044.72 72.9295 82.7503 311.992 269183 -2.72731e+08 371858 -9.90059e+06 -192080 12165.6 -7014.53 -33619.5 100469 60638.5 -1.69533 -488244 -294002 
