2
32
-10875.1
0.0318627 0.255989 -0.179693 467694 -296.652 114.208 30.726 37.3205 657.823 -155.111 56.7959 252.464 -772.943 -1983.02 -176.373 366.99 -30.6841 -76.537 -156.996 -48461.9 4.84757e+07 397339 -1.24764e+07 -2543.08 -1561.95 1306.9 1992.68 -918.072 487126 3.13101 37311.2 51882.7 
1.08622e-08 
1.31449e-06 1.4048e-05 
-3.24835e-07 -1.43332e-05 2.13793e-06 
-0.268546 -20.7895 4.6504 -478147 
-0.000115625 0.00578466 0.0004332 792.535 -2.86958 
0.000153092 0.0102604 -0.00193035 1298.79 -4.78434 -0.485943 
1.60909e-05 0.000708594 -0.000287238 -164.178 0.475585 0.599078 -0.034904 
-1.05708e-05 0.000479796 6.98159e-05 -36.0667 -0.322198 0.0160992 0.0606232 0.0151661 
-7.30713e-05 -0.00617757 0.00162353 -992.093 -0.167568 2.30985 -0.0102327 -0.0636123 -0.114843 
-2.53731e-05 -0.00777746 0.000651904 -145.239 1.92244 0.401057 0.0423002 0.0336774 -0.594612 -1.27104 
-4.33861e-05 -0.00163332 0.000675496 -105.569 -0.156158 0.110741 -0.00603945 -0.0220683 0.321047 0.449096 -0.0231283 
0.000550713 0.0129925 -0.00778074 -4627.56 4.39484 1.18612 0.0833675 -0.0326319 -8.29542 -1.29299 -0.0388905 -0.214785 
0.000228164 0.0163119 -0.00471761 4535.42 -6.67269 -15.5392 1.48119 0.189342 0.713046 7.24163 -1.70879 34.3911 -2.05057 
0.000465197 0.0242089 -0.00730931 688.868 4.1505 7.10096 -2.30168 0.56602 5.98535 -2.65191 -0.748977 -1.74681 -18.0701 -3.16121 
-2.84576e-05 -0.00645633 0.00125086 62.5929 1.35162 -0.363398 0.130371 -0.0186532 -0.399315 -0.662677 0.37968 -0.0929345 1.78415 0.368129 -0.404617 
0.00044757 0.0180871 -0.00625917 2531.67 4.63762 2.7919 -1.49355 -0.606669 6.93751 -1.7042 -0.382958 -0.520076 -26.6139 0.866025 -1.07925 2.49096 
0.000198325 0.00864937 -0.00272745 -20.4721 0.52403 0.749291 0.121154 0.0728815 -0.446511 -0.468772 0.166259 0.478748 1.72338 -0.927449 -0.610642 -1.95591 0.104971 
5.43242e-05 0.0036318 -0.000867849 -15.1829 1.57485 1.09101 -0.129598 0.0188623 0.523931 -0.965531 -0.0350335 -0.0866058 0.221199 -1.12256 -0.337323 -0.935923 -0.317885 -0.0389962 
3.94925e-05 0.000828579 -0.000571489 -452.042 3.21219 1.22482 -0.336653 0.0739774 -1.0228 -0.11973 -0.116546 -0.258024 7.3899 -1.3861 -0.570493 -1.52682 -0.310354 -0.958354 -0.577737 
0.014742 0.563375 -0.243216 1.47429e+06 -394.537 -143.278 47.1546 -17.425 499.892 -322.808 26.1212 91.5412 -1533.38 438.113 -75.5283 237.6 -170.516 223.104 10.7784 -5809.58 
-14.912 -566.693 243.661 -2.46331e+08 -825706 144368 -46732.1 17694.2 -507810 312845 -24815.1 -96797 1.57162e+06 -417479 73375 -237855 168223 -229663 -10959 1.28405e+07 -7.03003e+09 
-0.215053 -12.5656 3.57292 2.98441e+07 11870.8 1815.11 -366.115 215.837 -3759.18 738.86 81.3066 -1628.95 10447.6 -2610.09 281.501 -1327.96 1011.69 -1561.3 -352.551 206201 -1.94231e+08 -610137 
6.54266 393.614 -109.675 -3.13363e+08 -1.00765e+06 -60358.7 11064.2 -7175.05 123371 -19567.6 -3216.43 51367 -346948 74942.1 -5955.24 39452.5 -32382.4 50944.8 11921.8 -7.38251e+06 7.00302e+09 4.24777e+07 -7.32813e+08 
0.0334797 0.622653 -0.400769 -248137 142.684 110.591 61.9934 6.80197 -131.158 -187.766 17.2714 43.1702 569.438 577.756 -269.963 263.002 40.6771 -13.3965 -35.0593 52107 -5.23728e+07 -568186 1.79828e+07 12156 
-0.0034493 -0.107756 0.0494358 -177050 108.964 -74.3575 4.56291 0.185844 -32.6291 -42.0878 1.06285 48.6719 78.9207 222.022 0.859138 -59.8452 -8.92464 20.9848 48.4089 7375.64 -7.40008e+06 -129992 4.1335e+06 -2013.13 121.055 
-0.00537412 -0.05216 0.0399548 436417 -537.284 39.8816 -2.66943 8.03759 -40.7298 -8.82857 -7.73807 -12.2651 286.535 145.475 2.32379 2.76215 48.252 22.831 26.7807 -10853 1.08229e+07 237027 -7.48163e+06 -851.675 71.6962 -29.9793 
-0.00172195 0.0674118 0.0027695 -358329 534.325 -14.4701 -7.95414 -2.75995 77.6141 -2.129 23.7976 33.6797 -1009.93 660.756 35.5012 -8.22728 -50.8701 -39.1413 -66.3905 8512.86 -8.34755e+06 -170008 5.2768e+06 6188.59 49.2656 -70.7389 146.352 
0.00543942 0.136848 -0.091329 -674112 857.44 -39.7382 19.1011 -28.7566 19.4804 -28.4577 -15.3027 -47.9995 52.4116 715.617 -195.034 144.501 -70.0739 11.5518 -125.006 5639.63 -5.89798e+06 -63806.5 2.16883e+06 -13798.2 -509.366 261.884 -569.758 1129.06 
0.0202868 0.691481 -0.738465 -818717 362.107 343.596 -25.7768 -117.792 -1445.29 298.608 -354.185 -1164.31 4928.85 -1107.15 331.781 -554.957 173.964 45.5697 358.324 39485 -4.07084e+07 -663681 2.17074e+07 -51454.8 523.802 -685.466 -4863.26 4316.83 20663.4 
-2.65021e-05 -0.000452641 0.000308215 2.46897 -1.22243e-05 -0.0104873 0.0010619 -0.00122016 -0.00671861 -0.0184672 0.00186452 0.860386 -1.06074 0.325658 0.0467583 0.0271375 -0.00509762 0.00212357 0.00219907 8.47393 -8405.69 -61.7845 1911.94 4.49817 -0.0167705 -0.00867904 0.038125 -0.0566067 -0.256829 7.53573e-08 
-0.0112275 -1.35263 0.824145 1.41866e+06 -821.66 -721.27 36.1008 197.484 2414.39 -252.414 596.803 956.401 -10663 2321.42 -180.01 -312.483 -377.121 -30.4264 -280.03 20032.2 -1.85558e+07 224402 -8.00038e+06 93711.1 939.77 -7422.15 6563.97 19722.1 14662.1 -482360 -151454 
-0.0612111 -0.621619 0.464965 -754641 300.874 -597.366 47.11 -192.827 -3245.81 115.303 -108.305 471.916 14675.1 88.1897 -624.859 998.83 -46.7805 433.597 152.357 4146.92 -3.84763e+06 466120 -1.5024e+07 -19203.6 874.276 2197.55 2655.83 -16027.1 -83265.8 -0.100828 34899.7 -122313 
